[N
47
1
58 c:/intelfpga_lite/23.1std/questa_fse/intel/vhdl/cycloneive
41
18 cycloneive_io_obuf
4
8 lut_mask
43
29 tipd_seriesterminationcontrol
31
5 dataa
30
5 datab
29
5 datac
28
5 datad
44
8 tpd_oe_o
14
17 tpd_datab_combout
7
8 lpm_type
2
21 cycloneive_lcell_comb
23
10 tipd_dataa
24
10 tipd_datab
25
10 tipd_datac
26
10 tipd_datad
36
7 tpd_i_o
45
10 tpd_i_obar
47
17 open_drain_output
40
13 simulate_z_as
6
10 dont_touch
15
17 tpd_datac_combout
12
12 InstancePath
9
3 XOn
33
4 arch
22
12 tpd_cin_cout
11
9 XOnChecks
10
11 MsgOnChecks
8
5 MsgOn
19
14 tpd_datab_cout
16
17 tpd_datad_combout
21
14 tpd_datad_cout
18
14 tpd_dataa_cout
39
8 bus_hold
34
6 tipd_i
37
10 tpd_ibar_o
20
14 tpd_datac_cout
5
14 sum_lutc_input
46
11 tpd_oe_obar
42
7 tipd_oe
35
9 tipd_ibar
27
8 tipd_cin
38
17 differential_mode
17
15 tpd_cin_combout
13
17 tpd_dataa_combout
32
18 cycloneive_io_ibuf
3
16 vital_lcell_comb
]
[G
1
2
3
1
5
0
0
0
0
5 0
100
97
116
97
99
1
1
1 5 1 1
]
[G
1
2
3
2
5
0
0
0
0
5 0
100
97
116
97
99
1
1
1 5 1 1
]
[G
1
2
3
3
5
0
0
0
0
5 0
100
97
116
97
99
1
1
1 5 1 1
]
[G
1
41
33
1
8
0
0
0
0
0 0
0
0
]
[G
1
2
3
1
27
0
0
0
0
16 1
0
0
0
]
[G
1
2
3
2
27
0
0
0
0
16 1
0
0
0
]
[G
1
2
3
3
27
0
0
0
0
16 1
0
0
0
]
[G
1
2
3
4
27
0
0
0
0
16 1
0
0
0
]
[G
1
2
3
1
17
0
0
0
0
16 1
0
0
0
]
[G
1
2
3
2
17
0
0
0
0
16 1
0
0
0
]
[G
1
2
3
3
17
0
0
0
0
16 1
0
0
0
]
[G
1
2
3
4
17
0
0
0
0
16 1
0
0
0
]
[G
1
2
3
3
13
0
0
0
0
16 1
0
0
0
]
[G
1
2
3
4
13
0
0
0
0
16 1
0
0
0
]
[G
1
2
3
1
10
0
0
1
0
0 0
0
0
]
[G
1
2
3
2
10
0
0
1
0
0 0
0
0
]
[G
1
2
3
3
10
0
0
1
0
0 0
0
0
]
[G
1
2
3
4
10
0
0
1
0
0 0
0
0
]
[G
1
32
33
1
39
0
0
0
0
5 0
102
97
108
115
101
1
1
1 5 1 1
]
[G
1
2
3
1
13
0
0
0
0
16 1
0
0
0
]
[G
1
2
3
2
13
0
0
0
0
16 1
0
0
0
]
[G
1
32
33
1
9
0
0
0
0
0 0
0
0
]
[G
1
41
33
1
39
0
0
0
0
5 0
102
97
108
115
101
1
1
1 5 1 1
]
[G
1
32
33
1
34
0
0
0
0
16 1
0
0
0
]
[G
1
32
33
1
37
0
0
0
0
16 1
0
0
0
]
[G
1
41
33
1
34
0
0
0
0
16 1
0
0
0
]
[G
1
41
33
1
9
0
0
0
0
0 0
0
0
]
[G
1
32
33
1
35
0
0
0
0
16 1
0
0
0
]
[G
1
41
33
1
46
0
0
0
0
16 1
0
0
0
]
[G
1
2
3
1
4
0
0
0
0
16 0
2
2
2
2
3
3
3
3
3
3
3
3
2
2
2
2
0
0
]
[G
1
2
3
2
4
0
0
0
0
16 0
2
2
2
2
2
2
2
2
3
2
3
2
3
2
3
2
0
0
]
[G
1
2
3
3
4
0
0
0
0
16 8
3
2
2
2
3
2
2
2
0
0
]
[G
1
2
3
4
4
0
0
0
0
16 8
3
3
3
2
3
3
3
2
0
0
]
[G
1
41
33
1
42
0
0
0
0
16 1
0
0
0
]
[G
1
2
3
1
11
0
0
1
0
0 0
0
0
]
[G
1
2
3
2
11
0
0
1
0
0 0
0
0
]
[G
1
2
3
3
11
0
0
1
0
0 0
0
0
]
[G
1
2
3
4
11
0
0
1
0
0 0
0
0
]
[G
1
2
3
1
7
0
0
0
0
21 0
99
121
99
108
111
110
101
105
118
101
95
108
99
101
108
108
95
99
111
109
98
1
1
1 21 1 1
]
[G
1
2
3
2
7
0
0
0
0
21 0
99
121
99
108
111
110
101
105
118
101
95
108
99
101
108
108
95
99
111
109
98
1
1
1 21 1 1
]
[G
1
2
3
3
7
0
0
0
0
21 0
99
121
99
108
111
110
101
105
118
101
95
108
99
101
108
108
95
99
111
109
98
1
1
1 21 1 1
]
[G
1
2
3
4
7
0
0
0
0
21 0
99
121
99
108
111
110
101
105
118
101
95
108
99
101
108
108
95
99
111
109
98
1
1
1 21 1 1
]
[G
1
2
3
1
14
0
0
0
0
16 1
0
0
0
]
[G
1
2
3
2
14
0
0
0
0
16 1
0
0
0
]
[G
1
2
3
3
14
0
0
0
0
16 1
0
0
0
]
[G
1
2
3
4
14
0
0
0
0
16 1
0
0
0
]
[G
1
2
3
2
23
0
0
0
0
16 1
0
0
0
]
[G
1
2
3
3
23
0
0
0
0
16 1
0
0
0
]
[G
1
2
3
4
23
0
0
0
0
16 1
0
0
0
]
[G
1
2
3
4
24
0
0
0
0
16 1
0
0
0
]
[G
1
2
3
4
25
0
0
0
0
16 1
0
0
0
]
[G
1
2
3
4
26
0
0
0
0
16 1
0
0
0
]
[G
1
2
3
1
23
0
0
0
0
16 1
0
0
0
]
[G
1
2
3
1
24
0
0
0
0
16 1
0
0
0
]
[G
1
2
3
2
24
0
0
0
0
16 1
0
0
0
]
[G
1
2
3
3
24
0
0
0
0
16 1
0
0
0
]
[G
1
2
3
3
25
0
0
0
0
16 1
0
0
0
]
[G
1
2
3
3
26
0
0
0
0
16 1
0
0
0
]
[G
1
32
33
1
38
0
0
0
0
5 0
102
97
108
115
101
1
1
1 5 1 1
]
[G
1
2
3
1
25
0
0
0
0
16 1
0
0
0
]
[G
1
2
3
2
25
0
0
0
0
16 1
0
0
0
]
[G
1
2
3
2
26
0
0
0
0
16 1
0
0
0
]
[G
1
2
3
1
26
0
0
0
0
16 1
0
0
0
]
[G
1
2
3
1
6
0
0
0
0
3 0
111
102
102
1
1
1 3 1 1
]
[G
1
2
3
2
6
0
0
0
0
3 0
111
102
102
1
1
1 3 1 1
]
[G
1
2
3
3
6
0
0
0
0
3 0
111
102
102
1
1
1 3 1 1
]
[G
1
2
3
4
6
0
0
0
0
3 0
111
102
102
1
1
1 3 1 1
]
[G
1
2
3
1
15
0
0
0
0
16 1
0
0
0
]
[G
1
2
3
2
15
0
0
0
0
16 1
0
0
0
]
[G
1
2
3
3
15
0
0
0
0
16 1
0
0
0
]
[G
1
2
3
4
15
0
0
0
0
16 1
0
0
0
]
[G
1
41
33
1
43
0
0
0
0
256 1
0
0
0
]
[G
1
32
33
1
7
0
0
0
0
18 0
99
121
99
108
111
110
101
105
118
101
95
105
111
95
105
98
117
102
1
1
1 18 1 1
]
[G
1
41
33
1
44
0
0
0
0
16 1
0
0
0
]
[G
1
2
3
1
22
0
0
0
0
16 1
0
0
0
]
[G
1
2
3
2
22
0
0
0
0
16 1
0
0
0
]
[G
1
2
3
3
22
0
0
0
0
16 1
0
0
0
]
[G
1
2
3
4
22
0
0
0
0
16 1
0
0
0
]
[G
1
41
33
1
7
0
0
0
0
18 0
99
121
99
108
111
110
101
105
118
101
95
105
111
95
111
98
117
102
1
1
1 18 1 1
]
[G
1
32
33
1
36
0
0
0
0
16 1
0
0
0
]
[G
1
2
3
1
8
0
0
0
0
0 0
0
0
]
[G
1
2
3
2
8
0
0
0
0
0 0
0
0
]
[G
1
2
3
3
8
0
0
0
0
0 0
0
0
]
[G
1
2
3
4
8
0
0
0
0
0 0
0
0
]
[G
1
41
33
1
36
0
0
0
0
16 1
0
0
0
]
[G
1
41
33
1
45
0
0
0
0
16 1
0
0
0
]
[G
1
2
3
1
19
0
0
0
0
16 1
0
0
0
]
[G
1
2
3
2
19
0
0
0
0
16 1
0
0
0
]
[G
1
2
3
3
19
0
0
0
0
16 1
0
0
0
]
[G
1
2
3
4
19
0
0
0
0
16 1
0
0
0
]
[G
1
41
33
1
47
0
0
0
0
5 0
102
97
108
115
101
1
1
1 5 1 1
]
[G
1
2
3
1
12
0
0
0
0
1 1
42
1
1
1 1 1 1
]
[G
1
2
3
2
12
0
0
0
0
1 1
42
1
1
1 1 1 1
]
[G
1
2
3
3
12
0
0
0
0
1 1
42
1
1
1 1 1 1
]
[G
1
2
3
4
12
0
0
0
0
1 1
42
1
1
1 1 1 1
]
[G
1
2
3
4
16
0
0
0
0
16 1
0
0
0
]
[G
1
32
33
1
40
0
0
0
0
1 1
122
1
1
1 1 1 1
]
[G
1
2
3
1
16
0
0
0
0
16 1
0
0
0
]
[G
1
2
3
2
16
0
0
0
0
16 1
0
0
0
]
[G
1
2
3
3
16
0
0
0
0
16 1
0
0
0
]
[G
1
2
3
3
9
0
0
0
0
0 0
0
0
]
[G
1
2
3
4
9
0
0
0
0
0 0
0
0
]
[G
1
2
3
1
21
0
0
0
0
16 1
0
0
0
]
[G
1
2
3
2
21
0
0
0
0
16 1
0
0
0
]
[G
1
2
3
3
21
0
0
0
0
16 1
0
0
0
]
[G
1
2
3
4
21
0
0
0
0
16 1
0
0
0
]
[G
1
2
3
1
18
0
0
0
0
16 1
0
0
0
]
[G
1
2
3
2
18
0
0
0
0
16 1
0
0
0
]
[G
1
2
3
3
18
0
0
0
0
16 1
0
0
0
]
[G
1
2
3
4
18
0
0
0
0
16 1
0
0
0
]
[G
1
2
3
1
9
0
0
0
0
0 0
0
0
]
[G
1
2
3
2
9
0
0
0
0
0 0
0
0
]
[G
1
2
3
1
20
0
0
0
0
16 1
0
0
0
]
[G
1
2
3
2
20
0
0
0
0
16 1
0
0
0
]
[G
1
2
3
3
20
0
0
0
0
16 1
0
0
0
]
[G
1
2
3
4
20
0
0
0
0
16 1
0
0
0
]
[G
1
2
3
4
5
0
0
0
0
5 0
100
97
116
97
99
1
1
1 5 1 1
]
[G
1
32
33
1
8
0
0
0
0
0 0
0
0
]
[P
1
2
3
30
31
1
0
0
]
[P
1
2
3
29
30
2
0
0
]
[P
1
2
3
28
29
3
0
0
]
[P
1
2
3
28
29
4
0
0
]
